[MySection]
Mean=0.254043
StandardDeviation=0.047073